# Created by Ohio University Spectrometer
# name: spectrum
# type: matrix
# rows: 1
# columns: 2048
 16.3837 28009.2 1137.5 1020.47 1081.33 1029.84 997.068 1018.13 1020.47 983.025 994.728 968.982 938.555 940.895 985.366 990.047 966.641 945.576 1006.43 1055.58 1004.09 1025.15 1069.62 1114.1 992.387 1036.86 1039.2 1111.75 1179.63 1018.13 1109.41 1135.16 1074.31 1132.82 1200.69 1132.82 1160.91 1069.62 1200.69 1074.31 1149.2 1186.65 1181.97 1121.12 1163.25 1088.35 1153.88 1128.14 1282.61 1151.54 1057.92 1139.84 1156.22 1165.59 1158.57 1188.99 1221.76 1231.12 1107.07 1118.78 1118.78 1177.29 1144.52 1116.44 1144.52 1114.1 1217.08 1177.29 1137.5 1167.93 1116.44 1128.14 1179.63 1146.86 1186.65 1181.97 1107.07 1095.37 1048.56 1170.27 1170.27 1095.37 1174.95 1114.1 1132.82 1139.84 1191.33 1121.12 1146.86 1163.25 1149.2 1149.2 1177.29 1188.99 1184.31 1130.48 1139.84 1111.75 1132.82 1144.52 1095.37 1064.94 1158.57 1088.35 1160.91 1137.5 1146.86 1170.27 1130.48 1135.16 1104.73 1181.97 1160.91 1191.33 1116.44 1146.86 1151.54 1186.65 1144.52 1076.65 1144.52 1081.33 1170.27 1144.52 1163.25 1167.93 1156.22 1174.95 1111.75 1160.91 1186.65 1144.52 1203.04 1114.1 1139.84 1071.97 1146.86 1151.54 1214.74 1118.78 1167.93 1186.65 1104.73 1081.33 1081.33 1170.27 1184.31 1231.12 1142.18 1062.6 1146.86 1125.8 1095.37 1245.16 1158.57 1088.35 1165.59 1156.22 1184.31 1107.07 1034.52 1165.59 1165.59 1123.46 1167.93 1165.59 1153.88 1153.88 1123.46 1158.57 1149.2 1118.78 1219.42 1174.95 1104.73 1170.27 1130.48 1107.07 1163.25 1196.01 1132.82 1184.31 1153.88 1221.76 1132.82 1167.93 1217.08 1095.37 1200.69 1163.25 1128.14 1167.93 1078.99 1095.37 1163.25 1125.8 1142.18 1261.55 1181.97 1144.52 1170.27 1123.46 1153.88 1158.57 1221.76 1196.01 1125.8 1186.65 1146.86 1205.38 1151.54 1144.52 1193.67 1130.48 1188.99 1132.82 1100.05 1118.78 1153.88 1158.57 1165.59 1167.93 1146.86 1132.82 1151.54 1203.04 1121.12 1151.54 1118.78 1116.44 1191.33 1153.88 1151.54 1186.65 1181.97 1153.88 1196.01 1153.88 1102.39 1226.44 1165.59 1130.48 1132.82 1165.59 1196.01 1064.94 1256.87 1245.16 1186.65 1158.57 1170.27 1170.27 1076.65 1196.01 1191.33 1193.67 1151.54 1118.78 1139.84 1170.27 1191.33 1167.93 1156.22 1121.12 1116.44 1125.8 1177.29 1165.59 1167.93 1146.86 1156.22 1163.25 1142.18 1179.63 1130.48 1139.84 1132.82 1203.04 1095.37 1116.44 1198.35 1167.93 1076.65 1193.67 1158.57 1130.48 1170.27 1196.01 1118.78 1203.04 1174.95 1184.31 1170.27 1130.48 1128.14 1093.03 1156.22 1142.18 1125.8 1146.86 1172.61 1167.93 1181.97 1125.8 1153.88 1104.73 1167.93 1191.33 1181.97 1219.42 1177.29 1200.69 1228.78 1163.25 1165.59 1174.95 1114.1 1170.27 1226.44 1191.33 1191.33 1116.44 1118.78 1165.59 1177.29 1170.27 1186.65 1193.67 1132.82 1153.88 1181.97 1160.91 1093.03 1137.5 1205.38 1144.52 1146.86 1163.25 1130.48 1165.59 1111.75 1090.69 1179.63 1139.84 1184.31 1116.44 1132.82 1118.78 1109.41 1249.85 1125.8 1142.18 1184.31 1095.37 1144.52 1118.78 1088.35 1156.22 1146.86 1125.8 1181.97 1167.93 1212.4 1116.44 1114.1 1165.59 1191.33 1188.99 1179.63 1184.31 1177.29 1170.27 1139.84 1163.25 1121.12 1151.54 1132.82 1132.82 1172.61 1142.18 1235.8 1174.95 1163.25 1116.44 1102.39 1130.48 1184.31 1114.1 1093.03 1149.2 1163.25 1177.29 1139.84 1139.84 1125.8 1214.74 1107.07 1132.82 1146.86 1165.59 1142.18 1186.65 1128.14 1146.86 1207.72 1191.33 1191.33 1151.54 1102.39 1104.73 1153.88 1170.27 1121.12 1186.65 1158.57 1125.8 1153.88 1132.82 1158.57 1025.15 1144.52 1123.46 1128.14 1179.63 1165.59 1160.91 1121.12 1123.46 1153.88 1118.78 1137.5 1153.88 1135.16 1184.31 1240.48 1153.88 1191.33 1116.44 1086.01 1174.95 1188.99 1207.72 1149.2 1212.4 1144.52 1121.12 1198.35 1144.52 1062.6 1132.82 1158.57 1125.8 1219.42 1057.92 1090.69 1128.14 1179.63 1221.76 1100.05 1036.86 1153.88 1163.25 1142.18 1174.95 1158.57 1207.72 1116.44 1191.33 1184.31 1128.14 1081.33 1196.01 1142.18 1144.52 1188.99 1144.52 1170.27 1149.2 1196.01 1139.84 1160.91 1167.93 1181.97 1177.29 1174.95 1203.04 1139.84 1135.16 1205.38 1137.5 1107.07 1196.01 1181.97 1198.35 1146.86 1184.31 1181.97 1144.52 1146.86 1181.97 1196.01 1170.27 1083.67 1196.01 1116.44 1123.46 1130.48 1149.2 1095.37 1109.41 1207.72 1191.33 1184.31 1109.41 1123.46 1109.41 1167.93 1109.41 1109.41 1142.18 1221.76 1104.73 1153.88 1167.93 1088.35 1111.75 1207.72 1102.39 1167.93 1179.63 1196.01 1095.37 1193.67 1158.57 1144.52 1125.8 1125.8 1130.48 1144.52 1172.61 1097.71 1130.48 1107.07 1062.6 1151.54 1128.14 1158.57 1226.44 1200.69 1146.86 1207.72 1191.33 1163.25 1151.54 1224.1 1142.18 1181.97 1114.1 1219.42 1188.99 1104.73 1203.04 1233.46 1146.86 1151.54 1170.27 1174.95 1184.31 1146.86 1151.54 1139.84 1153.88 1104.73 1125.8 1212.4 1111.75 1156.22 1170.27 1160.91 1132.82 1116.44 1160.91 1156.22 1177.29 1186.65 1102.39 1186.65 1137.5 1184.31 1074.31 1186.65 1188.99 1078.99 1165.59 1151.54 1184.31 1181.97 1142.18 1125.8 1118.78 1167.93 1083.67 1226.44 1179.63 1132.82 1090.69 1118.78 1186.65 1160.91 1151.54 1149.2 1242.82 1177.29 1196.01 1132.82 1165.59 1186.65 1125.8 1123.46 1118.78 1158.57 1156.22 1132.82 1188.99 1156.22 1184.31 1198.35 1144.52 1142.18 1083.67 1109.41 1151.54 1177.29 1177.29 1102.39 1116.44 1191.33 1153.88 1207.72 1151.54 1205.38 1116.44 1163.25 1193.67 1144.52 1100.05 1100.05 1177.29 1097.71 1170.27 1219.42 1149.2 1179.63 1207.72 1186.65 1128.14 1114.1 1139.84 1153.88 1088.35 1114.1 1121.12 1174.95 1116.44 1139.84 1116.44 1191.33 1128.14 1188.99 1130.48 1071.97 1193.67 1123.46 1123.46 1163.25 1153.88 1121.12 1172.61 1139.84 1132.82 1125.8 1130.48 1158.57 1121.12 1205.38 1149.2 1165.59 1132.82 1184.31 1125.8 1116.44 1165.59 1121.12 1121.12 1132.82 1093.03 1128.14 1179.63 1165.59 1139.84 1245.16 1130.48 1151.54 1109.41 1160.91 1181.97 1107.07 1144.52 1125.8 1177.29 1151.54 1146.86 1170.27 1109.41 1179.63 1100.05 1118.78 1165.59 1170.27 1153.88 1142.18 1191.33 1214.74 1107.07 1132.82 1123.46 1205.38 1123.46 1109.41 1151.54 1156.22 1205.38 1118.78 1100.05 1151.54 1174.95 1170.27 1165.59 1139.84 1179.63 1104.73 1153.88 1184.31 1186.65 1170.27 1170.27 1121.12 1109.41 1172.61 1179.63 1132.82 1165.59 1118.78 1193.67 1111.75 1132.82 1177.29 1142.18 1144.52 1170.27 1181.97 1095.37 1174.95 1130.48 1137.5 1153.88 1158.57 1109.41 1146.86 1104.73 1144.52 1153.88 1191.33 1128.14 1125.8 1210.06 1137.5 1163.25 1181.97 1107.07 1186.65 1184.31 1198.35 1163.25 1130.48 1179.63 1128.14 1132.82 1139.84 1200.69 1146.86 1132.82 1128.14 1116.44 1128.14 1181.97 1153.88 1078.99 1137.5 1146.86 1156.22 1170.27 1139.84 1170.27 1116.44 1081.33 1116.44 1118.78 1149.2 1151.54 1186.65 1191.33 1193.67 1242.82 1151.54 1170.27 1221.76 1123.46 1156.22 1151.54 1137.5 1097.71 1228.78 1177.29 1111.75 1132.82 1224.1 1088.35 1090.69 1196.01 1163.25 1172.61 1181.97 1200.69 1123.46 1114.1 1069.62 1121.12 1188.99 1095.37 1160.91 1177.29 1116.44 1167.93 1156.22 1172.61 1172.61 1151.54 1153.88 1228.78 1128.14 1130.48 1123.46 1252.19 1165.59 1151.54 1083.67 1153.88 1128.14 1149.2 1200.69 1200.69 1107.07 1191.33 1186.65 1179.63 1156.22 1165.59 1207.72 1186.65 1170.27 1165.59 1121.12 1116.44 1144.52 1078.99 1116.44 1158.57 1139.84 1203.04 1128.14 1181.97 1116.44 1151.54 1172.61 1132.82 1123.46 1165.59 1156.22 1184.31 1217.08 1205.38 1181.97 1153.88 1156.22 1149.2 1186.65 1153.88 1165.59 1132.82 1149.2 1083.67 1130.48 1107.07 1114.1 1151.54 1186.65 1170.27 1139.84 1163.25 1144.52 1170.27 1181.97 1198.35 1184.31 1114.1 1121.12 1156.22 1167.93 1186.65 1142.18 1207.72 1111.75 1151.54 1219.42 1163.25 1207.72 1160.91 1142.18 1095.37 1181.97 1132.82 1123.46 1116.44 1121.12 1184.31 1167.93 1100.05 1109.41 1205.38 1137.5 1132.82 1125.8 1224.1 1107.07 1172.61 1125.8 1109.41 1142.18 1153.88 1219.42 1170.27 1130.48 1205.38 1275.59 1151.54 1179.63 1172.61 1139.84 1104.73 1144.52 1207.72 1181.97 1109.41 1165.59 1132.82 1203.04 1179.63 1109.41 1109.41 1165.59 1200.69 1186.65 1123.46 1181.97 1132.82 1242.82 1233.46 1181.97 1146.86 1167.93 1146.86 1167.93 1132.82 1196.01 1191.33 1074.31 1107.07 1135.16 1163.25 1139.84 1198.35 1088.35 1188.99 1160.91 1200.69 